00000000 001111
00000100 001111
00001000 001111
00001100 001111
00010000 001110
00010100 001110
00011000 001110
00011100 001110
00100000 001101
00100100 001101
00101000 001101
00101100 001101
00110000 001100
00110100 001100
00111000 001100
00111100 001100
01000000 001011
01000100 001011
01001000 001011
01001100 001011
01010000 001010
01010100 001010
01011000 001010
01011100 001010
01100000 001001
01100100 001001
01101000 001001
01101100 001001
01110000 001000
01110100 001000
01111000 001000
01111100 001000
10000000 000111
10000100 000111
10001000 000111
10001100 000111
10010000 000110
10010100 000110
10011000 000110
10011100 000110
10100000 000101
10100100 000101
10101000 000101
10101100 000101
10110000 000100
10110100 000100
10111000 000100
10111100 000100
11000000 000011
11000100 000011
11001000 000011
11001100 000011
11010000 000010
11010100 000010
11011000 000010
11011100 000010
11100000 000001
11100100 000001
11101000 000001
11101100 000001
11110000 000000
11110100 000000
11111000 000000
11111100 000000
00000001 000000
00000101 000001
00001001 000010
00001101 000011
00010001 000001
00010101 000010
00011001 000011
00011101 000100
00100001 000010
00100101 000011
00101001 000100
00101101 000101
00110001 000011
00110101 000100
00111001 000101
00111101 000110
01000001 000100
01000101 000101
01001001 000110
01001101 000111
01010001 000101
01010101 000110
01011001 000111
01011101 001000
01100001 000110
01100101 000111
01101001 001000
01101101 001001
01110001 000111
01110101 001000
01111001 001001
01111101 010000
10000001 001000
10000101 001001
10001001 010000
10001101 010001
10010001 001001
10010101 010000
10011001 010001
10011101 010010
10100001 010000
10100101 010001
10101001 010010
10101101 010011
10110001 010001
10110101 010010
10111001 010011
10111101 010100
11000001 010010
11000101 010011
11001001 010100
11001101 010101
11010001 010011
11010101 010100
11011001 010101
11011101 010110
11100001 010100
11100101 010101
11101001 010110
11101101 010111
11110001 010101
11110101 010110
11111001 010111
11111101 011000
00000010 001111
00000110 001111
00001010 001111
00001110 001111
00010010 000000
00010110 000000
00011010 000000
00011110 000000
00100010 000001
00100110 000001
00101010 000001
00101110 000001
00110010 000010
00110110 000010
00111010 000010
00111110 000010
01000010 000011
01000110 000011
01001010 000011
01001110 000011
01010010 000100
01010110 000100
01011010 000100
01011110 000100
01100010 000101
01100110 000101
01101010 000101
01101110 000101
01110010 000110
01110110 000110
01111010 000110
01111110 000110
10000010 000111
10000110 000111
10001010 000111
10001110 000111
10010010 001000
10010110 001000
10011010 001000
10011110 001000
10100010 001001
10100110 001001
10101010 001001
10101110 001001
10110010 001010
10110110 001010
10111010 001010
10111110 001010
11000010 001011
11000110 001011
11001010 001011
11001110 001011
11010010 001100
11010110 001100
11011010 001100
11011110 001100
11100010 001101
11100110 001101
11101010 001101
11101110 001101
11110010 001110
11110110 001110
11111010 001110
11111110 001110
00000011 000011
00000111 000111
00001011 001011
00001111 001111
00010011 000010
00010111 000110
00011011 001010
00011111 001110
00100011 000001
00100111 000101
00101011 001001
00101111 001101
00110011 000000
00110111 000100
00111011 001000
00111111 001100
01000011 000111
01000111 000011
01001011 001111
01001111 001011
01010011 000110
01010111 000010
01011011 001110
01011111 001010
01100011 000101
01100111 000001
01101011 001101
01101111 001001
01110011 000100
01110111 000000
01111011 001100
01111111 001000
10000011 001011
10000111 001111
10001011 000011
10001111 000111
10010011 001010
10010111 001110
10011011 000010
10011111 000110
10100011 001001
10100111 001101
10101011 000001
10101111 000101
10110011 001000
10110111 001100
10111011 000000
10111111 000100
11000011 001111
11000111 001011
11001011 000111
11001111 000011
11010011 001110
11010111 001010
11011011 000110
11011111 000010
11100011 001101
11100111 001001
11101011 000101
11101111 000001
11110011 001100
11110111 001000
11111011 000100
11111111 000000
