000000000 00000
000000001 00001
000000010 00001
000000011 00010
000000100 00010
000000101 00011
000000110 00011
000000111 00100
000001000 00100
000001001 00101
000001010 00101
000001011 00110
000001100 00110
000001101 00111
000001110 00111
000001111 01000
000010000 01000
000010001 01001
000010010 01001
000010011 01010
000010100 01010
000010101 01011
000010110 01011
000010111 01100
000011000 01100
000011001 01101
000011010 01101
000011011 01110
000011100 01110
000011101 01111
000011110 01111
000011111 10000
000100000 00001
000100001 00010
000100010 00010
000100011 00011
000100100 00011
000100101 00100
000100110 00100
000100111 00101
000101000 00101
000101001 00110
000101010 00110
000101011 00111
000101100 00111
000101101 01000
000101110 01000
000101111 01001
000110000 01001
000110001 01010
000110010 01010
000110011 01011
000110100 01011
000110101 01100
000110110 01100
000110111 01101
000111000 01101
000111001 01110
000111010 01110
000111011 01111
000111100 01111
000111101 10000
000111110 10000
000111111 10001
001000000 00010
001000001 00011
001000010 00011
001000011 00100
001000100 00100
001000101 00101
001000110 00101
001000111 00110
001001000 00110
001001001 00111
001001010 00111
001001011 01000
001001100 01000
001001101 01001
001001110 01001
001001111 01010
001010000 01010
001010001 01011
001010010 01011
001010011 01100
001010100 01100
001010101 01101
001010110 01101
001010111 01110
001011000 01110
001011001 01111
001011010 01111
001011011 10000
001011100 10000
001011101 10001
001011110 10001
001011111 10010
001100000 00011
001100001 00100
001100010 00100
001100011 00101
001100100 00101
001100101 00110
001100110 00110
001100111 00111
001101000 00111
001101001 01000
001101010 01000
001101011 01001
001101100 01001
001101101 01010
001101110 01010
001101111 01011
001110000 01011
001110001 01100
001110010 01100
001110011 01101
001110100 01101
001110101 01110
001110110 01110
001110111 01111
001111000 01111
001111001 10000
001111010 10000
001111011 10001
001111100 10001
001111101 10010
001111110 10010
001111111 10011
010000000 00100
010000001 00101
010000010 00101
010000011 00110
010000100 00110
010000101 00111
010000110 00111
010000111 01000
010001000 01000
010001001 01001
010001010 01001
010001011 01010
010001100 01010
010001101 01011
010001110 01011
010001111 01100
010010000 01100
010010001 01101
010010010 01101
010010011 01110
010010100 01110
010010101 01111
010010110 01111
010010111 10000
010011000 10000
010011001 10001
010011010 10001
010011011 10010
010011100 10010
010011101 10011
010011110 10011
010011111 10100
010100000 00101
010100001 00110
010100010 00110
010100011 00111
010100100 00111
010100101 01000
010100110 01000
010100111 01001
010101000 01001
010101001 01010
010101010 01010
010101011 01011
010101100 01011
010101101 01100
010101110 01100
010101111 01101
010110000 01101
010110001 01110
010110010 01110
010110011 01111
010110100 01111
010110101 10000
010110110 10000
010110111 10001
010111000 10001
010111001 10010
010111010 10010
010111011 10011
010111100 10011
010111101 10100
010111110 10100
010111111 10101
011000000 00110
011000001 00111
011000010 00111
011000011 01000
011000100 01000
011000101 01001
011000110 01001
011000111 01010
011001000 01010
011001001 01011
011001010 01011
011001011 01100
011001100 01100
011001101 01101
011001110 01101
011001111 01110
011010000 01110
011010001 01111
011010010 01111
011010011 10000
011010100 10000
011010101 10001
011010110 10001
011010111 10010
011011000 10010
011011001 10011
011011010 10011
011011011 10100
011011100 10100
011011101 10101
011011110 10101
011011111 10110
011100000 00111
011100001 01000
011100010 01000
011100011 01001
011100100 01001
011100101 01010
011100110 01010
011100111 01011
011101000 01011
011101001 01100
011101010 01100
011101011 01101
011101100 01101
011101101 01110
011101110 01110
011101111 01111
011110000 01111
011110001 10000
011110010 10000
011110011 10001
011110100 10001
011110101 10010
011110110 10010
011110111 10011
011111000 10011
011111001 10100
011111010 10100
011111011 10101
011111100 10101
011111101 10110
011111110 10110
011111111 10111
100000000 01000
100000001 01001
100000010 01001
100000011 01010
100000100 01010
100000101 01011
100000110 01011
100000111 01100
100001000 01100
100001001 01101
100001010 01101
100001011 01110
100001100 01110
100001101 01111
100001110 01111
100001111 10000
100010000 10000
100010001 10001
100010010 10001
100010011 10010
100010100 10010
100010101 10011
100010110 10011
100010111 10100
100011000 10100
100011001 10101
100011010 10101
100011011 10110
100011100 10110
100011101 10111
100011110 10111
100011111 11000
100100000 01001
100100001 01010
100100010 01010
100100011 01011
100100100 01011
100100101 01100
100100110 01100
100100111 01101
100101000 01101
100101001 01110
100101010 01110
100101011 01111
100101100 01111
100101101 10000
100101110 10000
100101111 10001
100110000 10001
100110001 10010
100110010 10010
100110011 10011
100110100 10011
100110101 10100
100110110 10100
100110111 10101
100111000 10101
100111001 10110
100111010 10110
100111011 10111
100111100 10111
100111101 11000
100111110 11000
100111111 11001
101000000 01010
101000001 01011
101000010 01011
101000011 01100
101000100 01100
101000101 01101
101000110 01101
101000111 01110
101001000 01110
101001001 01111
101001010 01111
101001011 10000
101001100 10000
101001101 10001
101001110 10001
101001111 10010
101010000 10010
101010001 10011
101010010 10011
101010011 10100
101010100 10100
101010101 10101
101010110 10101
101010111 10110
101011000 10110
101011001 10111
101011010 10111
101011011 11000
101011100 11000
101011101 11001
101011110 11001
101011111 11010
101100000 01011
101100001 01100
101100010 01100
101100011 01101
101100100 01101
101100101 01110
101100110 01110
101100111 01111
101101000 01111
101101001 10000
101101010 10000
101101011 10001
101101100 10001
101101101 10010
101101110 10010
101101111 10011
101110000 10011
101110001 10100
101110010 10100
101110011 10101
101110100 10101
101110101 10110
101110110 10110
101110111 10111
101111000 10111
101111001 11000
101111010 11000
101111011 11001
101111100 11001
101111101 11010
101111110 11010
101111111 11011
110000000 01100
110000001 01101
110000010 01101
110000011 01110
110000100 01110
110000101 01111
110000110 01111
110000111 10000
110001000 10000
110001001 10001
110001010 10001
110001011 10010
110001100 10010
110001101 10011
110001110 10011
110001111 10100
110010000 10100
110010001 10101
110010010 10101
110010011 10110
110010100 10110
110010101 10111
110010110 10111
110010111 11000
110011000 11000
110011001 11001
110011010 11001
110011011 11010
110011100 11010
110011101 11011
110011110 11011
110011111 11100
110100000 01101
110100001 01110
110100010 01110
110100011 01111
110100100 01111
110100101 10000
110100110 10000
110100111 10001
110101000 10001
110101001 10010
110101010 10010
110101011 10011
110101100 10011
110101101 10100
110101110 10100
110101111 10101
110110000 10101
110110001 10110
110110010 10110
110110011 10111
110110100 10111
110110101 11000
110110110 11000
110110111 11001
110111000 11001
110111001 11010
110111010 11010
110111011 11011
110111100 11011
110111101 11100
110111110 11100
110111111 11101
111000000 01110
111000001 01111
111000010 01111
111000011 10000
111000100 10000
111000101 10001
111000110 10001
111000111 10010
111001000 10010
111001001 10011
111001010 10011
111001011 10100
111001100 10100
111001101 10101
111001110 10101
111001111 10110
111010000 10110
111010001 10111
111010010 10111
111010011 11000
111010100 11000
111010101 11001
111010110 11001
111010111 11010
111011000 11010
111011001 11011
111011010 11011
111011011 11100
111011100 11100
111011101 11101
111011110 11101
111011111 11110
111100000 01111
111100001 10000
111100010 10000
111100011 10001
111100100 10001
111100101 10010
111100110 10010
111100111 10011
111101000 10011
111101001 10100
111101010 10100
111101011 10101
111101100 10101
111101101 10110
111101110 10110
111101111 10111
111110000 10111
111110001 11000
111110010 11000
111110011 11001
111110100 11001
111110101 11010
111110110 11010
111110111 11011
111111000 11011
111111001 11100
111111010 11100
111111011 11101
111111100 11101
111111101 11110
111111110 11110
111111111 11111
